size 44 44
mapindex 1 Tree
mapindex 2 Stone
mapindex 3 Zombie

start map    
0 0 1 1 1 0 0 0 0 1 0 0 0 1 1 1 0 0 0 0 1 1 0 0 1 1 1 0 0 0 0 1 0 0 0 1 1 1 0 0 0 0 1 1
0 0 1 1 1 0 0 0 0 1 0 0 0 1 1 1 0 0 0 0 1 1 0 0 1 1 1 0 0 0 0 1 0 0 0 1 1 1 0 0 0 0 1 1 
0 2 1 2 0 2 0 2 2 0 2 2 2 1 2 0 2 0 2 2 0 0 0 2 1 2 0 2 0 2 2 0 2 2 2 1 2 0 2 0 2 2 0 0
0 2 1 2 0 2 0 2 2 0 2 2 2 1 2 0 2 0 2 2 0 0 0 2 1 2 0 2 0 2 2 0 2 2 2 1 2 0 2 0 2 2 0 0
0 3 0 0 3 0 1 0 1 1 0 0 3 0 0 3 0 1 0 1 1 1 0 3 0 0 3 0 1 0 1 1 0 0 3 0 0 3 0 1 0 1 1 1
0 3 0 0 3 0 1 0 1 1 0 0 3 0 0 3 0 1 0 1 1 1 0 3 0 0 3 0 1 0 1 1 0 0 3 0 0 3 0 1 0 1 1 1
0 2 1 2 1 2 1 2 2 0 2 2 2 1 2 1 2 1 2 2 0 0 0 2 1 2 1 2 1 2 2 0 2 2 2 1 2 1 2 1 2 2 0 0
0 2 1 2 1 2 1 2 2 0 2 2 2 1 2 1 2 1 2 2 0 0 0 2 1 2 1 2 1 2 2 0 2 2 2 1 2 1 2 1 2 2 0 0
0 0 0 1 1 0 0 0 0 0 0 0 0 0 1 1 0 0 0 0 0 0 0 0 0 1 1 0 0 0 0 0 0 0 0 0 1 1 0 0 0 0 0 0
0 0 0 1 1 0 0 0 0 0 0 0 0 0 1 1 0 0 0 0 0 0 0 0 0 1 1 0 0 0 0 0 0 0 0 0 1 1 0 0 0 0 0 0
1 0 1 2 0 0 1 2 2 1 2 1 0 1 2 0 0 1 2 2 1 1 1 0 1 2 0 0 1 2 2 1 2 1 0 1 2 0 0 1 2 2 1 1
1 0 1 2 0 0 1 2 2 1 2 1 0 1 2 0 0 1 2 2 1 1 1 0 1 2 0 0 1 2 2 1 2 1 0 1 2 0 0 1 2 2 1 1
0 0 3 0 0 0 0 1 0 1 1 0 0 3 0 0 0 0 1 0 1 1 0 0 3 0 0 0 0 1 0 1 1 0 0 3 0 0 0 0 1 0 1 1
0 0 3 0 0 0 0 1 0 1 1 0 0 3 0 0 0 0 1 0 1 1 0 0 3 0 0 0 0 1 0 1 1 0 0 3 0 0 0 0 1 0 1 1
0 2 0 2 0 2 0 2 2 0 1 1 2 0 2 0 2 0 2 2 0 0 0 2 0 2 0 2 0 2 2 0 1 1 2 0 2 0 2 0 2 2 0 0
0 2 0 2 0 2 0 2 2 0 1 1 2 0 2 0 2 0 2 2 0 0 0 2 0 2 0 2 0 2 2 0 1 1 2 0 2 0 2 0 2 2 0 0
0 2 1 2 0 2 1 2 0 1 2 0 2 1 2 0 2 1 2 0 1 1 0 2 1 2 0 2 1 2 0 1 2 0 2 1 2 0 2 1 2 0 1 1
0 2 1 2 0 2 1 2 0 1 2 0 2 1 2 0 2 1 2 0 1 1 0 2 1 2 0 2 1 2 0 1 2 0 2 1 2 0 2 1 2 0 1 1
1 0 0 1 0 0 0 3 0 0 0 1 0 0 1 0 0 0 3 0 0 0 1 0 0 1 0 0 0 3 0 0 0 1 0 0 1 0 0 0 3 0 0 0
1 0 0 1 0 0 0 3 0 0 0 1 0 0 1 0 0 0 3 0 0 0 1 0 0 1 0 0 0 3 0 0 0 1 0 0 1 0 0 0 3 0 0 0
0 2 1 2 0 2 1 2 0 1 2 0 2 1 2 0 2 1 2 0 1 1 0 2 1 2 0 2 1 2 0 1 2 0 2 1 2 0 2 1 2 0 1 1
0 2 1 2 0 2 1 2 0 1 2 0 2 1 2 0 2 1 2 0 1 1 0 2 1 2 0 2 1 2 0 1 2 0 2 1 2 0 2 1 2 0 1 1
0 0 1 1 1 0 0 0 0 1 0 1 0 1 1 1 0 0 0 0 1 1 0 0 1 1 1 0 0 0 0 1 0 1 0 1 1 1 0 0 0 0 1 1
0 0 1 1 1 0 0 0 0 1 0 1 0 1 1 1 0 0 0 0 1 1 0 0 1 1 1 0 0 0 0 1 0 1 0 1 1 1 0 0 0 0 1 1 
0 2 1 2 0 2 0 2 2 0 1 1 2 1 2 0 2 0 2 2 0 0 0 2 1 2 0 2 0 2 2 0 1 1 2 1 2 0 2 0 2 2 0 0
0 2 1 2 0 2 0 2 2 0 1 1 2 1 2 0 2 0 2 2 0 0 0 2 1 2 0 2 0 2 2 0 1 1 2 1 2 0 2 0 2 2 0 0
0 3 0 0 3 0 1 0 1 1 0 1 3 0 0 3 0 1 0 1 1 1 0 3 0 0 3 0 1 0 1 1 0 1 3 0 0 3 0 1 0 1 1 1
0 3 0 0 3 0 1 0 1 1 0 1 3 0 0 3 0 1 0 1 1 1 0 3 0 0 3 0 1 0 1 1 0 1 3 0 0 3 0 1 0 1 1 1
0 2 1 2 1 2 1 2 2 0 1 0 2 1 2 1 2 1 2 2 0 0 0 2 1 2 1 2 1 2 2 0 1 0 2 1 2 1 2 1 2 2 0 0
0 2 1 2 1 2 1 2 2 0 1 0 2 1 2 1 2 1 2 2 0 0 0 2 1 2 1 2 1 2 2 0 1 0 2 1 2 1 2 1 2 2 0 0
0 0 0 1 1 0 0 0 0 0 2 0 0 0 1 1 0 0 0 0 0 0 0 0 0 1 1 0 0 0 0 0 2 0 0 0 1 1 0 0 0 0 0 0
0 0 0 1 1 0 0 0 0 0 2 0 0 0 1 1 0 0 0 0 0 0 0 0 0 1 1 0 0 0 0 0 2 0 0 0 1 1 0 0 0 0 0 0
1 0 1 2 0 0 1 2 2 1 3 1 0 1 2 0 0 1 2 2 1 1 1 0 1 2 0 0 1 2 2 1 3 1 0 1 2 0 0 1 2 2 1 1
1 0 1 2 0 0 1 2 2 1 3 1 0 1 2 0 0 1 2 2 1 1 1 0 1 2 0 0 1 2 2 1 3 1 0 1 2 0 0 1 2 2 1 1
0 0 3 0 0 0 0 1 0 1 0 0 0 3 0 0 0 0 1 0 1 1 0 0 3 0 0 0 0 1 0 1 0 0 0 3 0 0 0 0 1 0 1 1
0 0 3 0 0 0 0 1 0 1 0 0 0 3 0 0 0 0 1 0 1 1 0 0 3 0 0 0 0 1 0 1 0 0 0 3 0 0 0 0 1 0 1 1
0 2 0 2 0 2 0 2 2 0 3 0 2 0 2 0 2 0 2 2 0 0 0 2 0 2 0 2 0 2 2 0 3 0 2 0 2 0 2 0 2 2 0 0
0 2 0 2 0 2 0 2 2 0 3 0 2 0 2 0 2 0 2 2 0 0 0 2 0 2 0 2 0 2 2 0 3 0 2 0 2 0 2 0 2 2 0 0
0 2 1 2 0 2 1 2 0 1 0 0 2 1 2 0 2 1 2 0 1 1 0 2 1 2 0 2 1 2 0 1 0 0 2 1 2 0 2 1 2 0 1 1
0 2 1 2 0 2 1 2 0 1 0 0 2 1 2 0 2 1 2 0 1 1 0 2 1 2 0 2 1 2 0 1 0 0 2 1 2 0 2 1 2 0 1 1
1 0 0 1 0 0 0 3 0 0 0 1 0 0 1 0 0 0 3 0 0 0 1 0 0 1 0 0 0 3 0 0 0 1 0 0 1 0 0 0 3 0 0 0
1 0 0 1 0 0 0 3 0 0 0 1 0 0 1 0 0 0 3 0 0 0 1 0 0 1 0 0 0 3 0 0 0 1 0 0 1 0 0 0 3 0 0 0
0 2 1 2 0 2 1 2 0 1 3 0 2 1 2 0 2 1 2 0 1 1 0 2 1 2 0 2 1 2 0 1 3 0 2 1 2 0 2 1 2 0 1 1
0 2 1 2 0 2 1 2 0 1 3 0 2 1 2 0 2 1 2 0 1 1 0 2 1 2 0 2 1 2 0 1 3 0 2 1 2 0 2 1 2 0 1 1
end map


start ob


end ob
